1: 0 1 0 0 1 0 0 3 0
2: 8 3 0 7 0 0 6 5 0
3: 1 0 0 1 0 0 1 8 0
4: 1 0 0 0 0 1 1 2 0
5: 0 0 0 0 0 0 0 1 0
6: 0 0 0 0 0 0 0 2 0
7: 0 1 0 0 0 0 0 4 0
8: 0 0 0 0 0 0 0 3 0
9: 0 4 0 0 1 0 0 3 0
10: 0 0 0 0 0 0 0 1 0
11: 0 2 0 0 1 0 0 5 0
12: 0 0 0 0 0 0 0 0 0
13: 0 2 0 0 0 0 0 0 0
14: 4 2 0 0 0 4 4 0 0
15: 0 0 0 0 0 0 0 0 0
16: 1 0 0 1 0 0 1 4 0
17: 0 0 0 0 0 0 0 6 0
18: 0 0 0 0 0 0 0 1 0
19: 0 3 0 0 0 0 0 3 0
20: 0 0 0 0 0 0 0 3 0
21: 1 2 0 0 0 1 0 4 1
22: 0 0 0 0 0 0 0 2 0
23: 1 5 0 1 0 0 1 2 0
24: 0 1 0 0 1 0 0 3 0
25: 0 0 0 0 0 0 0 2 0
26: 2 2 0 2 0 0 2 3 0
27: 0 1 0 0 0 0 0 0 4
28: 0 0 0 0 0 0 0 1 0
29: 0 2 0 0 0 0 0 5 0
30: 1 1 0 1 1 0 1 3 0
31: 0 0 0 0 0 0 0 2 0
32: 0 2 0 0 1 0 0 3 0
33: 0 0 0 0 0 0 0 1 0
34: 0 0 0 0 0 0 0 4 0
35: 0 0 0 0 0 0 0 1 0
36: 1 1 0 0 1 1 1 1 0
37: 8 0 0 0 2 6 8 1 0
38: 0 0 0 0 0 0 0 1 0
39: 0 3 0 0 0 0 0 3 0
40: 1 1 0 1 0 0 1 5 0
41: 0 0 0 0 0 0 0 3 0
42: 0 0 0 0 0 0 0 1 0
43: 0 0 0 0 0 0 0 2 0
44: 4 1 0 1 1 2 3 2 1
45: 1 2 2 1 1 2 3 5 0
46: 0 0 0 0 0 0 0 0 0
47: 0 0 0 0 0 0 0 2 0
48: 10 0 0 10 0 0 10 3 0
49: 0 3 0 0 1 0 0 5 0
50: 0 0 0 0 0 0 0 1 0
51: 0 0 0 0 0 0 0 1 0
52: 3 3 0 3 0 0 3 2 0
53: 0 1 0 0 0 0 0 1 0
54: 0 0 0 0 0 0 0 3 0
55: 0 2 0 0 0 0 0 6 0
56: 0 1 0 0 0 0 0 4 0
57: 0 0 0 0 0 0 0 1 0
58: 0 0 0 0 0 0 0 3 0
59: 1 0 0 0 1 1 1 1 0
60: 0 1 0 0 0 0 0 3 0
61: 0 0 0 0 0 0 0 3 0
62: 0 6 0 0 3 0 0 5 0
63: 0 1 0 0 0 0 0 4 0
64: 0 3 0 0 0 0 0 6 0
65: 0 3 0 0 1 0 0 1 0
66: 2 0 0 2 0 0 2 4 0
67: 0 0 0 0 0 0 0 0 0
68: 0 0 0 0 0 0 0 1 0
69: 3 0 0 2 0 1 3 2 0
70: 6 0 1 6 0 1 6 1 1
71: 0 1 0 0 1 0 0 1 0
72: 0 0 0 0 0 0 0 2 0
73: 0 0 0 0 0 0 0 1 0
74: 2 4 0 2 0 0 2 5 0
75: 1 1 0 1 0 0 0 4 1
76: 3 1 0 1 0 2 2 4 1
77: 0 1 0 0 1 0 0 2 0
78: 0 0 0 0 0 0 0 2 0
79: 0 1 0 0 1 0 0 1 0
80: 2 2 0 2 0 0 2 7 0
81: 0 6 0 0 1 0 0 10 0
82: 2 1 0 2 0 0 2 3 0
83: 0 0 0 0 0 0 0 3 0
84: 2 2 3 1 0 4 3 7 2
85: 0 3 0 0 1 0 0 7 0
86: 2 2 0 0 0 2 2 1 0
87: 4 4 0 4 2 0 3 7 1
88: 1 0 0 1 0 0 1 2 0
89: 0 0 0 0 0 0 0 1 0
90: 1 1 0 1 0 0 1 2 0
91: 3 2 0 2 1 1 3 3 0
92: 0 5 0 0 3 0 0 3 0
93: 0 5 0 0 3 0 0 6 0
94: 0 3 0 0 0 0 0 4 0
95: 0 0 0 0 0 0 0 1 0
96: 0 1 0 0 1 0 0 0 0
97: 1 3 0 1 1 0 0 3 1
98: 1 9 0 1 2 0 1 12 0
99: 0 2 0 0 2 0 0 6 0
100: 1 0 0 1 0 0 1 4 0
101: 2 0 0 2 0 0 2 0 0
102: 3 0 0 3 0 0 1 0 2
103: 1 0 0 1 0 0 1 2 0
104: 1 3 0 1 1 0 1 1 0
105: 0 0 0 0 0 0 0 0 0
106: 0 0 0 0 0 0 0 0 0
107: 0 0 0 0 0 0 0 3 0
108: 0 1 0 0 0 0 0 1 0
109: 0 0 0 0 0 0 0 1 0
110: 0 0 0 0 0 0 0 2 0
111: 0 0 0 0 0 0 0 2 0
112: 1 0 0 1 0 0 1 3 0
113: 0 0 0 0 0 0 0 0 0
114: 3 0 0 2 0 1 2 4 0
115: 1 0 0 1 0 0 1 0 0